-1,464,443,557,845,940
464,-1,954,425,388,1206
443,954,-1,598,1329,626
557,425,598,-1,802,835
845,388,1329,802,-1,1582
940,1206,626,835,1582,-1
